version https://git-lfs.github.com/spec/v1
oid sha256:d007f06ca296e0d4fd6932b3d1d4583d5a31c2f3fd8b1a4730230b2e4da6d94a
size 93731
