version https://git-lfs.github.com/spec/v1
oid sha256:f772158cd5f9a481e744df834134d45f0ebcf52c43ef6bdc548b52e91cf6d97c
size 92936
