version https://git-lfs.github.com/spec/v1
oid sha256:958fc3593f6e3b89ed60d2ea32d09b09dd9f8d9730c15ba85b782fc1cb0b6279
size 92907
