version https://git-lfs.github.com/spec/v1
oid sha256:d7e84f02439ccbca617f33ed9b8061bee08f9b0d60b5c7ea27a77ffd56d7f151
size 136995
